  2:     0.390  0.349  0.261        5
  3:     0.319  0.496  0.185       30
  4:     0.318  0.639  0.043       30
  5:     0.029  0.963  0.008        1
  6:     0.192  0.790  0.018        3
  7:     0.320  0.673  0.008        5
  8:     0.532  0.259  0.209        1
  9:     0.288  0.455  0.257       34
 10:     0.356  0.377  0.267       26
 11:     0.261  0.441  0.297       19
 12:     0.190  0.659  0.151       60
 13:     0.271  0.370  0.359       26
 14:     0.262  0.379  0.359        5
 15:     0.240  0.489  0.271       13
 16:     0.452  0.146  0.402        3
 17:     0.495  0.350  0.155        3
 18:     0.374  0.184  0.442        3
 19:     0.479  0.296  0.225       10
 20:     0.324  0.552  0.124        5
